%YAML:1.0
---
schema_version: calibration.opencv.v1
topology: mono
camera_id: cam1
camera_matrix: [[465.70633553941514, 0.0, 664.8098920134286], [0.0, 465.8525960476772, 358.9518974092463], [0.0, 0.0, 1.0]]
dist_coeffs: [0.5211588394840011, 0.5711661156567502, 0.00012813177047058178, -4.293528277080941e-05, -0.04332794673225774, 0.45265116166456254, 0.6156588709882284, -0.032613666963714254, 0.0, 0.0, 0.0, 0.0, 0.0, 0.0]
