%YAML:1.0
---
schema_version: calibration.opencv.v1
topology: stereo
left_camera_id: cam1
right_camera_id: cam2
left_camera_matrix: [[465.70633553941514, 0.0, 664.8098920134286], [0.0, 465.8525960476772, 358.9518974092463], [0.0, 0.0, 1.0]]
left_dist_coeffs: [0.5211588394840011, 0.5711661156567502, 0.00012813177047058178, -4.293528277080941e-05, -0.04332794673225774, 0.45265116166456254, 0.6156588709882284, -0.032613666963714254, 0.0, 0.0, 0.0, 0.0, 0.0, 0.0]
right_camera_matrix: [[466.60095726377193, 0.0, 621.4303964340696], [0.0, 466.4514729183274, 331.71444691902883], [0.0, 0.0, 1.0]]
right_dist_coeffs: [0.23798664575428338, 0.12871806696675878, -0.00014992522448193965, 0.00011945936517433545, -0.0894254674747681, 0.1672333293417318, 0.20951893676146957, -0.10686774385475284, 0.0, 0.0, 0.0, 0.0, 0.0, 0.0]
rotation: [[0.9999021785366271, 0.00974467415793248, -0.010033677454601368], [-0.009787494878300928, 0.9999431650800483, -0.0042274760439886625], [0.0099919118147873, 0.004325267072793055, 0.9999407251247618]]
translation: [-0.16498795521621368, -0.0005593093262828309, 6.216814277733252e-06]
rectification_r1: [[0.9998628764616194, 0.013134243988722505, -0.010085628822291585], [-0.013155696119510613, 0.9999113306605908, -0.0020636075639076357], [0.010057630611005031, 0.0021960080626969277, 0.9999470094035389]]
rectification_r2: [[0.9999942532863823, 0.003389981476882448, -3.768019636920389e-05], [-0.0033898935332654654, 0.9999919859400846, 0.0021299477549029697], [4.4900377833684106e-05, -0.0021298077828491592, 0.9999977309488078]]
projection_p1: [[466.1520344830023, 0.0, 641.6735076904297, 0.0], [0.0, 466.1520344830023, 337.316650390625, 0.0], [0.0, 0.0, 1.0, 0.0]]
projection_p2: [[466.1520344830023, 0.0, 641.6735076904297, -76.90991296847268], [0.0, 466.1520344830023, 337.316650390625, 0.0], [0.0, 0.0, 1.0, 0.0]]
disparity_q: [[1.0, 0.0, 0.0, -641.6735076904297], [0.0, 1.0, 0.0, -337.316650390625], [0.0, 0.0, 0.0, 466.1520344830023], [0.0, 0.0, 6.0610136780949135, -0.0]]
