%YAML:1.0
---
schema_version: calibration.opencv.v1
topology: mono
camera_id: cam2
camera_matrix: [[466.60095726377193, 0.0, 621.4303964340696], [0.0, 466.4514729183274, 331.71444691902883], [0.0, 0.0, 1.0]]
dist_coeffs: [0.23798664575428338, 0.12871806696675878, -0.00014992522448193965, 0.00011945936517433545, -0.0894254674747681, 0.1672333293417318, 0.20951893676146957, -0.10686774385475284, 0.0, 0.0, 0.0, 0.0, 0.0, 0.0]
